10
18497928411
5481.558 
5
18497930738
5481.564 
7
18497933851
5481.571 
6
18497936571
5481.578 
9
18497940470
5481.585 
9
18497944369
5481.592 
10
18497948661
5481.600 
11
18497953346
5481.607 
11
18497958031
5481.615 
7
18497961144
5481.622 
6
18497963864
5481.628 
6
18497966584
5481.635 
12
18497971662
5481.643 
13
18497977133
5481.651 
7
18497980246
5481.657 
3
18497981787
5481.664 
6
18497984507
5481.670 
4
18497986441
5481.676 
9
18497990340
5481.684 
11
18497995025
5481.692 
7
18497998138
5481.699 
14
18498004002
5481.707 
9
18498007901
5481.714 
11
18498012586
5481.722 
8
18498016092
5481.729 
18
18498023528
5481.737 
23
18498032929
5481.746 
15
18498039186
5481.753 
24
18498048980
5481.762 
25
18498059167
5481.771 
15
18498065424
5481.779 
18
18498072860
5481.787 
19
18498080689
5481.796 
18
18498088125
5481.804 
24
18498097919
5481.813 
15
18498104176
5481.820 
21
18498112791
5481.829 
20
18498121013
5481.838 
21
18498129628
5481.847 
18
18498137064
5481.856 
24
18498146858
5481.865 
18
18498154294
5481.874 
16
18498160944
5481.882 
16
18498167594
5481.891 
17
18498174637
5481.902 
19
18498182466
5481.914 
19
18498190295
5481.926 
28
18498201661
5481.937 
15
18498207918
5481.946 
18
18498215354
5481.954 
29
18498227113
5481.965 
24
18498236907
5481.975 
30
18498249059
5481.986 
23
18498258460
5481.996 
26
18498269040
5482.007 
27
18498280013
5482.017 
30
18498292165
5482.029 
28
18498303531
5482.040 
25
18498313718
5482.051 
21
18498322333
5482.061 
20
18498330555
5482.072 
31
18498343100
5482.085 
32
18498356038
5482.098 
31
18498368583
5482.111 
27
18498379556
5482.122 
23
18498388957
5482.133 
29
18498400716
5482.145 
22
18498409724
5482.156 
20
18498417946
5482.166 
28
18498429312
5482.177 
24
18498439106
5482.187 
23
18498448507
5482.199 
34
18498462231
5482.211 
31
18498474776
5482.223 
28
18498486142
5482.234 
36
18498500652
5482.246 
35
18498514769
5482.259 
40
18498530851
5482.271 
41
18498547326
5482.283 
43
18498564587
5482.295 
40
18498580669
5482.307 
40
18498596751
5482.319 
36
18498611261
5482.330 
38
18498626557
5482.342 
29
18498638316
5482.353 
39
18498654005
5482.365 
43
18498671266
5482.377 
40
18498687348
5482.389 
30
18498699500
5482.400 
42
18498716368
5482.412 
34
18498730092
5482.424 
35
18498744209
5482.435 
43
18498761470
5482.446 
37
18498776373
5482.458 
35
18498790490
5482.469 
37
18498805393
5482.480 
38
18498820689
5482.491 
37
18498835592
5482.501 
37
18498850495
5482.512 
40
18498866577
5482.523 
60
18498890521
5482.536 
53
18498911714
5482.550 
51
18498932121
5482.563 
50
18498952135
5482.576 
46
18498970575
5482.589 
49
18498990196
5482.602 
46
18499008636
5482.614 
50
18499028650
5482.626 
55
18499050629
5482.640 
46
18499069069
5482.652 
45
18499087116
5482.664 
46
18499105556
5482.676 
48
18499124784
5482.689 
44
18499142438
5482.700 
46
18499160878
5482.712 
52
18499181678
5482.726 
44
18499199332
5482.737 
47
18499218165
5482.750 
53
18499239358
5482.763 
43
18499256619
5482.776 
45
18499274666
5482.788 
53
18499295859
5482.802 
43
18499313120
5482.814 
46
18499331560
5482.826 
46
18499350000
5482.839 
78
18499381018
5482.856 
74
18499410464
5482.873 
70
18499438338
5482.889 
74
18499467784
5482.905 
70
18499495658
5482.921 
71
18499523925
5482.936 
68
18499551013
5482.952 
70
18499578887
5482.968 
68
18499605975
5482.984 
79
18499637386
5483.001 
78
18499668404
5483.017 
70
18499696278
5483.032 
77
18499726903
5483.049 
73
18499755956
5483.064 
78
18499786974
5483.081 
73
18499816027
5483.098 
73
18499845080
5483.114 
82
18499877670
5483.131 
71
18499905937
5483.147 
71
18499934204
5483.164 
80
18499966008
5483.182 
70
18499993882
5483.198 
69
18500021363
5483.213 
84
18500054739
5483.231 
72
18500083399
5483.247 
100
18500123065
5483.267 
98
18500161945
5483.286 
95
18500199644
5483.306 
104
18500240882
5483.327 
93
18500277795
5483.346 
98
18500316675
5483.366 
102
18500357127
5483.388 
101
18500397186
5483.408 
101
18500437245
5483.428 
95
18500474944
5483.447 
103
18500515789
5483.468 
102
18500556241
5483.489 
97
18500594728
5483.509 
101
18500634787
5483.529 
95
18500672486
5483.548 
98
18500711366
5483.577 
91
18500747493
5483.597 
103
18500788338
5483.621 
100
18500828004
5483.642 
92
18500864524
5483.662 
97
18500903011
5483.682 
95
18500940710
5483.701 
99
18500979983
5483.722 
98
18501018863
5483.742 
94
18501056169
5483.764 
198
18501134353
5483.804 
194
18501210965
5483.843 
199
18501289542
5483.882 
198
18501367726
5483.920 
194
18501444338
5483.957 
192
18501520164
5483.990 
199
18501598741
5484.024 
200
18501677711
5484.059 
199
18501756288
5484.095 
194
18501832900
5484.129 
196
18501910298
5484.164 
199
18501988875
5484.200 
201
18502068238
5484.238 
192
18502144064
5484.271 
202
18502223820
5484.308 
204
18502304362
5484.351 
202
18502384118
5484.391 
196
18502461516
5484.427 
206
18502542844
5484.468 
191
18502618275
5484.505 
200
18502697245
5484.542 
198
18502775429
5484.580 
197
18502853220
5484.616 
198
18502931404
5484.651 
203
18503011553
5484.688 
247
18503108996
5484.732 
250
18503207618
5484.775 
252
18503307026
5484.819 
244
18503403290
5484.860 
249
18503501519
5484.902 
248
18503599355
5484.945 
245
18503696012
5484.985 
255
18503796599
5485.027 
251
18503895614
5485.072 
245
18503992271
5485.116 
246
18504089321
5485.163 
246
18504186371
5485.208 
246
18504283421
5485.250 
247
18504380864
5485.293 
248
18504478700
5485.341 
245
18504575357
5485.387 
255
18504675944
5485.431 
247
18504773387
5485.472 
246
18504870437
5485.514 
251
18504969452
5485.558 
251
18505068467
5485.599 
245
18505165124
5485.645 
244
18505261388
5485.685 
250
18505360010
5485.731 
245
18505456667
5485.778 