10
4737
0.002
5
5684
0.002
7
7740
0.003
6
9180
0.004
9
12873
0.005
9
16566
0.007
10
21298
0.008
11
27228
0.010
11
33158
0.012
7
35214
0.013
6
36654
0.014
6
38094
0.014
12
45390
0.017
13
54229
0.020
7
56285
0.021
3
56579
0.021
6
58019
0.021
4
58587
0.021
9
62280
0.023
11
68210
0.025
7
70266
0.026
14
80834
0.030
9
84527
0.031
11
90457
0.033
8
93261
0.035
18
112785
0.042
23
148769
0.055
15
161261
0.059
24
201329
0.074
25
245766
0.090
15
258258
0.094
18
277782
0.102
19
300100
0.110
18
319624
0.117
24
359692
0.131
15
372184
0.136
21
400819
0.146
20
426171
0.155
21
454806
0.170
18
474330
0.176
24
514398
0.191
18
533922
0.199
16
548542
0.205
16
563162
0.210
17
580123
0.216
19
602441
0.224
19
624759
0.232
28
684103
0.254
15
696595
0.258
18
716119
0.266
29
781062
0.290
24
821130
0.305
30
892002
0.331
23
927986
0.344
26
977086
0.364
27
1031152
0.384
30
1102024
0.411
28
1161368
0.433
25
1205805
0.450
21
1234440
0.460
20
1259792
0.469
31
1336932
0.499
32
1420688
0.531
31
1497828
0.561
27
1551894
0.581
23
1587878
0.594
29
1652821
0.618
22
1684997
0.630
20
1710349
0.640
28
1769693
0.665
24
1809761
0.683
23
1845745
0.697
34
1943813
0.735
31
2020953
0.765
28
2080297
0.789
36
2194177
0.834
35
2299959
0.877
40
2450251
0.939
41
2610696
1.005
43
2792770
1.085
40
2943062
1.148
40
3093354
1.215
36
3207234
1.262
38
3338498
1.316
29
3403441
1.341
39
3544009
1.400
43
3726083
1.475
40
3876375
1.536
30
3947247
1.563
42
4118283
1.634
34
4216351
1.674
35
4322133
1.716
43
4504207
1.793
37
4626578
1.843
35
4732360
1.884
37
4854731
1.932
38
4985995
1.984
37
5108366
2.035
37
5230737
2.085
40
5381029
2.149
60
5827861
2.362
53
6146880
2.504
51
6434430
2.629
50
6707042
2.747
46
6925002
2.838
49
7183195
2.950
46
7401155
3.041
50
7673767
3.162
55
8026439
3.321
46
8244399
3.414
45
8449926
3.512
46
8667886
3.606
48
8912170
3.714
44
9105738
3.813
46
9323698
3.927
52
9626714
4.083
44
9820282
4.176
47
10051158
4.296
53
10370177
4.471
43
10552251
4.565
45
10757778
4.677
53
11076797
4.871
43
11258871
4.962
46
11476831
5.072
46
11694791
5.170
78
12614735
5.672
74
13409803
6.095
70
14091755
6.445
74
14886823
6.877
70
15568775
7.227
71
16277935
7.615
68
16907559
7.944
70
17589511
8.334
68
18219135
8.706
79
19172203
9.261
78
20092147
9.773
70
20774099
10.154
77
21661690
10.639
73
22427399
11.044
78
23347343
11.556
73
24113052
11.962
73
24878761
12.354
82
25935917
12.935
71
26645077
13.303
71
27354237
13.682
80
28341209
14.235
70
29023161
14.595
69
29678604
14.939
84
30809172
15.602
72
31546248
15.994
100
33388960
17.252
98
35129844
18.433
95
36725096
19.555
104
38783164
20.985
93
40285963
22.021
98
42026847
23.139
102
43975263
24.531
101
45870338
25.814
101
47765413
27.175
95
49360665
28.248
103
51363409
29.643
102
53311825
30.962
97
55003226
32.147
101
56898301
33.490
95
58493553
34.560
98
60234437
35.793
91
61648407
37.075
103
63651151
38.358
100
65493863
39.496
92
66951799
40.345
97
68643200
41.373
95
70238452
42.446
99
72029770
43.636
98
73770654
44.776
94
75319222
45.783
198
311731278
112.203
194
530573609
183.016
199
771265003
255.689
198
1007629160
330.355
194
1226108232
394.920
192
1435875681
453.619
199
1677117142
516.938
200
1921722276
579.184
199
2162585045
653.913
194
2380960172
721.423
196
2608237963
786.319
199
2846396287
862.145
201
3095213758
938.509
192
3305158742
998.629
202
3560279562
1074.697
204
3823445670
1153.624
202
4078788337
1229.809
196
4306467655
1293.883
206
4579410531
1371.363
191
4785040023
1429.256
200
5029932997
1498.247
198
5266143909
1568.376
197
5497697454
1633.638
198
5733886170
1702.908
203
5993119050
1772.375
247
6496773681
1913.583
250
7001150921
2056.161
252
7518203614
2195.390
244
7991091861
2332.222
249
8504781260
2495.456
248
9007229279
2646.796
245
9496225970
2785.696
255
10046991723
2938.448
251
10564042338
3076.295
245
11049435902
3201.009
246
11541320197
3322.593
246
12032794759
3504.811
246
12513893464
3699.749
247
13007998195
3870.866
248
13508500399
4060.723
245
13989155122
4225.434
255
14527030666
4385.686
247
15015982252
4529.689
246
15502629178
4666.667
251
16019715708
4824.452
251
16538664069
4976.925
245
17024307518
5115.062
244
17506287272
5236.312
250
18019094870
5364.135
245
18497923797
5481.550